m_n[0]:
 x1 = -2.198725;
 y1 = 1.533494;
 z1 = 4.000000;
m_n[1]:
 x2 = -0.773330;
 y2 = -1.999739;
 z2 = 4.000000;
m_n[2]:
 x3 = 3.999939;
 y3 = -1.999982;
 z3 = 4.000000;
m_impact:
 impact_x = -0.042570;
 impact_y = -0.549843;
 impact_z = 4.000000;
